Average: 0.14469127655029
0.1523289680481
0.14497804641724
0.14483714103699
0.14515495300293
0.14448499679565
0.14471888542175
0.14484596252441
0.14479494094849
0.14467406272888
0.14446401596069
0.14466714859009
0.14472889900208
0.14462614059448
0.14459919929504
0.14468216896057
0.14483308792114
0.14469695091248
0.14453387260437
0.14456701278687
0.14427804946899
0.14449095726013
0.14449787139893
0.14425206184387
0.14461708068848
0.14439702033997
0.14457488059998
0.1449179649353
0.14473295211792
0.14431309700012
0.14462208747864
0.14459896087646
0.14448094367981
0.14471411705017
0.14441013336182
0.14445400238037
0.14454412460327
0.14450979232788
0.1443920135498
0.14480900764465
0.14477300643921
0.14476203918457
0.14449095726013
0.14499807357788
0.14477109909058
0.14469790458679
0.14475297927856
0.14485001564026
0.14465188980103
0.14478302001953
0.14453101158142
0.14471387863159
0.14486908912659
0.14447689056396
0.14438915252686
0.14445900917053
0.14463710784912
0.14431500434875
0.14451217651367
0.1443920135498
0.14451503753662
0.1444239616394
0.14459800720215
0.14488196372986
0.14479207992554
0.14449501037598
0.14441299438477
0.14477491378784
0.1447639465332
0.14468097686768
0.14458203315735
0.14424395561218
0.14483380317688
0.14462113380432
0.14461517333984
0.14443278312683
0.14492511749268
0.14471983909607
0.14437389373779
0.14472794532776
0.14460611343384
0.144376039505
0.14458012580872
0.14461803436279
0.14493799209595
0.14453506469727
0.14478898048401
0.14461183547974
0.14478611946106
0.14473414421082
0.14457297325134
0.14428997039795
0.14433002471924
0.14431095123291
0.14466691017151
0.1447319984436
0.14448618888855
0.14459085464478
0.14429688453674
0.14457607269287
0.14463591575623
