Average: 0.14488638877869
0.15328598022461
0.14511799812317
0.1448118686676
0.14468216896057
0.14472317695618
0.14463090896606
0.14486289024353
0.14478206634521
0.14558601379395
0.14576506614685
0.1452009677887
0.14514303207397
0.14498209953308
0.14547991752625
0.14497017860413
0.14503288269043
0.14498996734619
0.1448130607605
0.14472198486328
0.14456009864807
0.1448290348053
0.14451479911804
0.14493918418884
0.14496207237244
0.14437508583069
0.1446487903595
0.14471316337585
0.14483523368835
0.14472413063049
0.14466786384583
0.14478707313538
0.14463901519775
0.1445209980011
0.14477205276489
0.14448499679565
0.14466285705566
0.14472389221191
0.14459705352783
0.14456295967102
0.14462804794312
0.14450407028198
0.14464592933655
0.14436507225037
0.14479207992554
0.14469289779663
0.14437794685364
0.14469599723816
0.1448290348053
0.14480590820312
0.14463496208191
0.14491105079651
0.14467191696167
0.14445209503174
0.14474701881409
0.14466309547424
0.14460897445679
0.14462780952454
0.14489102363586
0.14476799964905
0.14440703392029
0.14479112625122
0.14491605758667
0.14453721046448
0.14478802680969
0.14474201202393
0.14472699165344
0.14451479911804
0.14505696296692
0.14477705955505
0.14473390579224
0.14496207237244
0.14464402198792
0.14423513412476
0.14488196372986
0.14480686187744
0.14475202560425
0.144779920578
0.1449248790741
0.14451599121094
0.14456105232239
0.14475703239441
0.14448213577271
0.14452600479126
0.14493894577026
0.1448450088501
0.14474201202393
0.14461016654968
0.14488911628723
0.14499592781067
0.14486789703369
0.14471411705017
0.14504289627075
0.14570593833923
0.14546513557434
0.14473390579224
0.14478707313538
0.14462900161743
0.14557194709778
0.14527416229248
0.14558982849121
