Average: 0.14518563985825
0.15343117713928
0.14513087272644
0.14503717422485
0.14516186714172
0.145339012146
0.1456298828125
0.14495897293091
0.1452910900116
0.14504981040955
0.14514398574829
0.14462804794312
0.14488506317139
0.14499616622925
0.14492917060852
0.14520812034607
0.14510083198547
0.14496207237244
0.1453070640564
0.14507579803467
0.14489197731018
0.1451051235199
0.14500379562378
0.14547300338745
0.14525508880615
0.14522910118103
0.14646792411804
0.14541101455688
0.14480304718018
0.14504480361938
0.14542198181152
0.14499807357788
0.14482688903809
0.14684510231018
0.14523696899414
0.14626312255859
0.14478588104248
0.14519095420837
0.14506101608276
0.14541101455688
0.14476013183594
0.14528298377991
0.14507794380188
0.14497900009155
0.14517402648926
0.14513397216797
0.14539408683777
0.14487385749817
0.14494299888611
0.14513301849365
0.14477109909058
0.14505696296692
0.14500904083252
0.14516687393188
0.14528894424438
0.14465594291687
0.14502692222595
0.14485597610474
0.14517712593079
0.14525604248047
0.14604806900024
0.14617991447449
0.14512491226196
0.14524507522583
0.14492392539978
0.14510893821716
0.14489793777466
0.14514398574829
0.15208292007446
0.14475607872009
0.14477586746216
0.1446430683136
0.14446210861206
0.14521288871765
0.14479398727417
0.14488792419434
0.14473509788513
0.14465999603271
0.14475798606873
0.14443516731262
0.1442129611969
0.14493584632874
0.14484596252441
0.14481902122498
0.1446328163147
0.14471697807312
0.14478492736816
0.14465093612671
0.1447811126709
0.14459109306335
0.14462804794312
0.1448061466217
0.14484095573425
0.14469385147095
0.14463996887207
0.14477705955505
0.14447903633118
0.14464211463928
0.14474606513977
0.14484906196594
0.14460515975952
